"adherencia" "x1" "x2" "x3" "x4" "x5"
TRUE -1.0180209898351 0.323481142373989 -1.211146663193 0.0498854554931426 0.241288537601056
FALSE -0.876348045205296 -2.45622743082984 0.242030987615793 -0.217344654745254 -1.37934288854528
TRUE -0.742672678185311 1.90714328216895 1.82382800203569 -0.502416518398921 0.260279195501342
FALSE 0.605144544179794 0.47443296755569 -0.488661054982065 0.524566947477962 -2.40545043060552
TRUE 0.647141894638396 1.54635358680696 -0.0604662513996707 0.392110561245669 -0.451553637464318
TRUE 0.170678827171214 -0.460778366500933 2.04731829041495 0.590324360608592 -1.46865508099469
TRUE 0.0754104925999118 -0.821909131547115 1.51187444388236 1.1070896323758 1.59394759591637
FALSE -0.572838669945051 -0.0938260389826424 -2.85691880872096 0.21890400162075 -0.0332762490004161
TRUE 0.77840982746347 1.83004918802494 0.295964263196821 0.710478807425628 1.63151802233115
TRUE 1.22535191433972 0.241440847483003 0.0169500837309828 1.0106769672226 1.89500798440908
FALSE 0.39873372629134 -0.333868388016007 0.0893863802287149 -1.32728328336597 0.855668199291749
TRUE 1.13229190933389 -2.689455399821 2.36905543555459 1.41069590290077 -0.477270046520797
TRUE 1.29625414527994 1.93600031735132 -0.554269583511004 0.858642062935835 0.401323483168882
FALSE -0.806061865393961 -1.48513192189876 -0.539982564299716 1.40137541491286 -1.45556938204152
FALSE -0.760381607471685 -2.27092462617731 -1.7956381424985 0.754109380895032 0.296713082903118
TRUE 0.0714211396494732 0.384056497730594 -0.38148464853518 0.802035589689774 0.879091201126208
TRUE 1.94895685978061 -0.672411868500263 1.26628226210755 1.9457374043699 0.0454374395900466
TRUE -0.495895795242304 -0.821329645308101 0.589907001727337 -1.2822565272878 2.54735739269169
FALSE 2.16818575436131 0.795121121146409 -0.606808275970786 -0.719305499998599 -3.75071549946336
FALSE -0.592236864586752 -0.832087418211419 1.30864148594372 0.247967534727676 0.446775628696588
FALSE -0.0759747020296097 -0.309483673750889 -0.724481857021518 0.7927128371303 -0.815010280724925
TRUE -0.0614866660596625 0.919549016045892 0.717656863328454 -0.598053201633437 -0.628064691546443
FALSE -0.940846736421036 0.57032886934799 -0.770854167037565 -0.0100931669127036 -0.324160493421593
TRUE -0.472740680124733 0.558259342199169 -0.556906993871788 1.57380132419083 1.80165968570513
TRUE 1.69645550657565 1.18713687124548 0.698672013378204 0.396728337463557 0.743019258074489
FALSE -0.510975420593976 -0.720922860348561 0.269473839689559 -1.73977374689254 -1.28867737843835
TRUE 0.68584360251178 0.644859100673205 0.535917212784204 0.495988416265258 0.542991203777896
TRUE -0.788634646118444 -0.32701239426329 0.376219168073368 2.97401537815835 -0.0142276734110072
FALSE 1.60417576015155 -1.53665220368336 -0.207531222461345 -1.77629417363362 -0.195950218145847
FALSE 0.0777735696483363 -0.155764511813317 0.331962623971574 -1.6420245081465 -0.837222723810433
TRUE -2.14140804608154 0.112157620811701 -0.199377958952688 1.55430062083466 0.502590303496666
FALSE -0.714609489167787 0.397530729602334 -1.91067172315131 0.744318333308948 0.172605127805518
TRUE -0.38442072677808 0.428880551964253 -0.127787840280748 -0.637367405848552 -1.07079618830982
FALSE -0.329589567899647 -0.91139530803842 -0.627764780610037 0.35812994053341 1.04383617727651
FALSE -0.618935395246993 -1.26355908721551 -0.180078524373916 0.335161935648855 -0.676076761331033
TRUE -0.134466071339448 1.00590672439456 0.0020038545213794 -0.482934975870729 -0.268252470412936
TRUE 0.901729547404484 1.26817929488621 -1.31546511402676 -0.780568686825307 0.648915167681341
FALSE -0.223913447015936 -2.00495442021951 0.325887088380546 0.943379113744857 0.840313529370043
TRUE -1.50934102386938 1.09443370764924 0.541271842157546 0.527432541095377 0.135464340591657
TRUE 0.435468346924542 -0.456690961917961 0.675765305893275 0.22165488550791 -1.12224418529163
TRUE -0.362382767410022 0.368211777127762 0.417189396194164 0.449984387241635 0.26614325724856
FALSE 0.163574072167284 0.326199515586706 -0.53341531620681 0.862905681976539 -2.34477597982164
FALSE -0.726877007962482 -0.819246965072046 0.29210413158799 -0.388563941430378 0.263595496149391
TRUE -1.12721165707643 -0.475832836759633 2.15063503552356 0.0190369640831451 -0.45353281013003
FALSE -0.89432989328471 -2.16228694456943 0.963657760242453 0.0847586611199879 0.208235784123579
TRUE 0.990035779851272 -0.45284851902788 1.67114909567274 0.979015950276414 0.229468722391839
TRUE -1.11136142333543 0.797251755609103 -0.799443870243843 0.757568274413381 -0.0261125367710881
FALSE 0.751048337117042 -0.600896097601231 -1.43730242813887 0.40674974389726 -0.923528666739889
FALSE 0.905860077552933 -0.0433408678882879 -1.27104040130353 0.111802564820364 -0.562223136778862
FALSE -0.351709123473255 -0.409638465350467 -1.82871038483974 -0.365997872205903 0.67279003362122
TRUE -1.07964918250698 -0.523071549392191 1.66461057596071 -0.557706894254747 -1.15222230189475
TRUE -1.15404151700314 0.293012282849059 -0.830191734402918 0.62144654127547 0.877337476883006
TRUE -1.92590264034868 0.221861562097878 0.635610633467033 0.207633398497415 1.35424287646166
TRUE 0.593446251739199 -0.0412583223086811 -0.79766483187002 -0.302121041331173 0.890260863764854
TRUE 0.549552834839652 -0.288010160235313 -1.7506629009267 1.39585929711966 -0.605690660593529
TRUE 1.88452043110331 -1.9470856139009 0.54954218637448 0.620344990217659 2.21407497379318
TRUE -2.32846099985178 0.763363879928248 0.977622909013588 0.63407658125535 0.171397254774217
TRUE 0.472472462879078 -1.78376340880046 1.42517312820635 1.76989059171475 -1.16024162236721
TRUE 0.664119428308401 1.03672598472201 1.68025278549983 0.780584729857386 -1.86024854258678
TRUE 0.791958576586286 1.52025213176797 0.0407125988829403 -0.699170144513664 0.150051835363122
FALSE -1.51149130684769 -2.07682616586565 -0.124131405641825 0.328547987828129 0.0413772557059014
FALSE -1.14593048187428 -0.146131838622586 -0.089468525240292 0.993251286981792 -1.05550771295624
TRUE -0.142766022212924 -0.0571011939620106 -0.0376096337590853 1.71106558955045 -0.053987691938418
FALSE -0.140185958384631 0.267671425079696 -0.0819499647085461 0.222350770035975 -1.0177373637969
TRUE 0.37033527590981 0.765888060565897 0.525089017653289 0.664815575288174 -0.377287665903147
TRUE -0.880033671867175 0.947183479821238 -1.46970929996769 -0.869539601374076 1.29418306302637
FALSE -1.66979051007423 -0.765406900655105 0.662384617912762 -2.02075032173249 -0.401765139342153
TRUE 0.204733479362294 1.40084218985101 0.736367672519109 0.0287406866910421 -0.895104620550731
TRUE -0.0373075018007645 1.09809765966798 -1.16265628133043 0.0918046921702807 1.9378620284362
FALSE -0.693557400203748 0.44540907490466 -1.35341636785884 0.0171002534951687 0.138118454391525
FALSE -0.910552072954814 -1.34178310714974 -0.0757732837940649 0.973356978121665 -0.787382322714612
TRUE -0.0552541020672487 0.282539223514157 -0.0959152401627539 1.33804144855222 -0.315696039471367
FALSE -0.192548580736164 -0.642630542836974 0.0463616652935051 0.512303361472551 0.155729931075326
TRUE 2.03578598044289 0.445940444469122 -0.035018177885785 0.121316048061299 -0.232595207098203
TRUE 1.9386335403615 0.811003200174561 0.120444352314353 -1.62059874186933 0.292534983311478
TRUE -1.6670647324745 0.380688367234716 1.68867781252906 -1.26909869194394 0.628942054744971
FALSE 0.793822001280031 -0.737678386642636 -1.5810796573371 -1.00885596098962 -1.77412130312398
TRUE 0.940626129205869 0.591585549107269 -0.38397115390399 0.771283093046582 0.625835811435325
TRUE -1.10813825815546 1.7714510845635 0.993679688692194 -2.12110374108853 -0.467086861156873
TRUE 1.32518293807405 -0.0765403045389705 0.126144242077741 1.02889490489245 0.648122314304782
FALSE -1.15453430473899 -0.418012882928528 -1.29831902021746 -0.75138608375011 0.302032670251038
FALSE -0.834635534644253 -0.501293154593924 0.0231113333133582 0.348888774249243 -0.746282442727636
TRUE -1.00754878127512 0.41839090254185 1.64760503290577 -0.734022393862046 0.339587151838818
FALSE -0.342257019469511 -0.562750315200459 0.687860641937755 -0.0818096144306284 -0.150763138458469
FALSE -0.756767445209125 0.144231282536324 0.590353707525536 -1.31674304806903 -1.54361160677417
TRUE 0.455624989984053 -1.13513131813978 1.43390221040092 0.726243889079103 1.14665953107197
FALSE -0.252170838767196 -0.7697157846132 -0.44958251158414 0.237446005053197 -0.114755911789483
TRUE -0.735990452134003 0.0459125125374539 1.11652509761891 0.485586239088233 0.716372774774345
TRUE -0.611100503438136 0.0508628635133029 0.108197132981201 0.950054568635545 0.681237526979953
TRUE 0.563790903936007 -0.199011501343446 0.027134848493491 -0.971055065975319 1.15157099668849
TRUE 0.664570461538294 0.558246962668325 0.507382814540149 0.389243878143784 -0.701498359832188
TRUE 0.869055529128992 -1.93465643387911 -0.605675246054505 1.56026377355123 1.43002125374454
TRUE 0.4854874407607 0.5539117190189 -0.459561291473316 0.42287612378527 0.835384923287002
TRUE -0.54562410981688 0.348396937177234 -0.687185751463177 -0.485666640879056 0.870991065182322
TRUE 1.00431873858572 -1.34648014427872 -0.540150697884523 -0.569834269944868 3.20220758323449
FALSE -1.42210538820366 -0.261832082912561 0.0559530820833989 0.366999528655836 0.222581085584163
FALSE -0.598725392636921 -1.29904765627762 0.133787456700264 -1.47217790600741 -0.713913322731193
FALSE -0.873658774330516 -1.10880192461703 -1.44626224020597 -0.175716059790148 -0.276106935927808
TRUE 0.482085254004235 -0.457843343584158 -0.638296332886565 1.33607463063784 0.533494438093268
FALSE -0.242105867097878 -1.08672919045744 0.222324367958867 -0.999973798756752 0.493131284661643
FALSE 0.288749894242341 -0.0724816090827246 -1.46225894400989 0.0386413696780356 -1.09263279383376
FALSE -0.333193762363227 0.770087104214802 -1.75790074485088 0.24307074108775 -0.554140749048901
TRUE -0.495278462375994 -0.744772679843149 1.00270371093302 1.32786082339813 0.545994366207132
FALSE 0.320934151740899 -0.237842969214145 -0.815700807810962 -0.864179420696662 -1.57350464950257
TRUE -0.131760480884196 -1.01154067099407 -0.134500107991551 1.01147115490873 1.46429729525707
TRUE 1.04316934267252 3.25380053469636 1.7669149046857 -1.89114826672109 -1.29620624239841
TRUE 1.0167930878497 0.143642519622469 2.75415995424294 1.06327947115953 -0.935015379314501
FALSE 0.881070126315922 -1.5917201803352 -1.49961389278787 -0.22879088120254 -1.48152809233486
FALSE -1.90320157519729 -1.45132338847618 -1.75477276991042 1.40384925409939 0.486516754612439
TRUE -1.81072919163966 0.585449892394281 0.196149170027629 0.774358143696935 1.09698943910303
TRUE -0.297452763912471 -0.457734246530005 1.12162539951705 1.72399373074864 0.0633914587646407
FALSE 0.0933940532091546 -0.840102581570021 -1.02521642442992 1.00361764163636 -0.46071517215104
FALSE -0.614125350727631 -0.51627978269419 -1.11644316537414 -0.399019652377828 0.719811787120312
TRUE 0.459360233648817 1.22033354162875 1.06121930735907 -0.738673497535214 0.615008600822199
TRUE -1.83423457468793 0.0862189560304423 0.140404569786943 1.50539266508455 1.05274219417211
FALSE -0.0491107727720909 -1.3922791141118 -1.21498815623307 -0.0418328815052459 0.253834384650269
FALSE 0.532728764855366 -0.553909414129955 0.0635978094228021 -1.09094055063148 0.324252976611546
TRUE 0.0658417217774224 1.40181287073152 2.23494343485396 -0.0932134869848432 0.102189942870697
TRUE 0.840109908663158 -0.572359873564583 -0.679728866309965 -0.091296711822998 2.1279183383868
TRUE 0.614701751414187 0.558815277724303 0.569920472899577 0.462031099089916 1.16226838797484
FALSE 0.163323914483452 -0.574552173181564 -0.858485588668556 -0.751811907745014 -1.04543273787373
FALSE -1.8215797408438 0.177358300294891 0.157319605957593 -0.882740830122723 -2.41586041191809
FALSE 0.778432282969255 -1.50742692116613 0.726122307084955 -2.00272462306629 1.2240295915023
TRUE -0.807956998537732 0.744632330656825 0.74278045326236 -0.696920322397326 0.942448739834528
FALSE -0.755696206969284 -0.31066500521337 -1.83019301511767 -0.331051471359544 0.766276813215177
TRUE -0.0831930109115308 -0.845793481702722 0.41538856493718 0.791179969734868 0.323599340844183
TRUE 0.257929443830261 0.649731191379261 -0.547107377831633 1.1888607215094 0.255230674741033
TRUE 1.9858758803347 1.09454929975281 0.836843156398371 0.081071690600811 0.679081006434199
TRUE 0.725647467619781 1.79255340823638 0.41364487299816 1.75173447444264 -0.429793193074533
TRUE -0.0649741404822054 0.990561685112443 -0.615885992697611 0.573143906517743 -0.558438386958469
TRUE 1.89987594995965 -1.57808520620451 -0.527809782820945 0.734622210587241 0.490675617083804
TRUE -0.243546468085142 0.766379936563224 0.292928676520723 0.028215863786105 -0.874562255408097
TRUE 0.59285273021945 -0.345717900449168 1.61049813688673 1.03520448251876 0.87924443426399
FALSE 1.25159474608156 -0.519374717182641 -1.20764453922667 -0.0746921941614208 0.166037511356774
TRUE 1.3599284913523 1.17685961032169 -1.08386803095088 0.6152801150852 -0.481384949638655
TRUE 0.428577253435345 1.26276351935801 -0.761566350679649 -0.605748150371463 0.380879865425636
TRUE -0.553148608591511 1.36933901580341 0.812761016845156 0.597309810752416 -0.513082982332504
TRUE 0.725746106453556 -1.59700841258347 2.0249819666587 0.551029694083704 -0.0362938866571784
FALSE -1.58142922174842 0.378406495508973 0.47530918499292 -0.279085516139388 -0.86080557372237
TRUE -1.9351548896098 0.351983961981663 -0.0765747325926966 1.15307676488744 0.182487976023318
FALSE 0.0149339042884533 -0.560211756985768 -0.160958245825496 0.949711995424594 -0.512470613285338
TRUE -0.847331996070492 0.486778243236744 0.541427088246366 1.37842261296203 -2.17179943156405
TRUE -0.464433841988574 0.206027990646664 1.49939403217778 3.1442521660761 1.83372144198173
TRUE 1.11438395467008 0.508176552616462 0.79608842046454 1.61531114085383 0.179768365738509
TRUE 0.503219108495322 0.24195929314449 0.0425517283639041 1.22112996804688 -0.470400294708978
TRUE -0.327554062085256 -1.01162765585333 1.02708849892932 1.38973569116504 0.451493408205606
TRUE -0.113421489788225 2.27307053342063 0.344444557972593 1.78911375283516 -0.661094859165729
TRUE -0.0499608075828016 -2.55443942168517 -0.413107157462121 1.42720501808064 0.689495926221425
FALSE 0.359926507682823 -0.000911096649813055 1.44886201823404 -1.8314448050549 -2.03389696384993
FALSE -1.50870254928011 -1.73379518060128 1.33020116906306 0.525666400234143 0.029121895064321
TRUE -1.36505344770137 3.46552525399098 -1.16966830868973 -0.672753472169072 0.593469737879238
FALSE 1.36910484859201 -1.52867515999709 0.582967436738318 -0.0181040413537973 -0.474044839624553
TRUE 0.195636925633942 -0.366819634682038 0.00629815131824283 0.667569585932111 0.447640203919893
TRUE -0.384788572237779 -1.39457737020522 0.768553895477991 1.62428603397172 -0.159661069660938
TRUE 0.285892905526867 0.433329476287545 -0.748034509218651 0.815617886001349 -0.921176194052252
TRUE -0.464288356993073 0.150023484064827 2.27007076881606 -0.380141874017957 -0.32479368926927
TRUE -1.80279693508084 -0.823798103237607 1.50447412484853 0.049966420633998 0.205079737917142
TRUE -1.2285455415218 1.29499887848183 -0.362950020863953 0.626539805322658 -1.00377744110329
TRUE -0.335249748494652 1.94612505527186 -0.284502541623612 0.458855116834115 -0.713131085192116
FALSE -1.56682598751125 -0.792365453979323 0.203461669556811 -0.191681833791414 0.629109964086436
FALSE 1.31657375973933 0.0124814582006711 -1.9777189568247 -0.83680767640171 -0.663669411772152
FALSE -1.87293627147916 0.157015000277398 -0.000471137115901665 0.389787769567023 0.0281041494288155
TRUE 0.252939887924211 0.741093392757806 0.162642980057227 0.267911033796089 0.174796035059856
TRUE 1.49111455852417 0.656925777769369 0.236912927076095 -0.577823019252802 -0.32096671505636
TRUE 1.07379759752024 -0.696935075336146 1.61462834358009 0.173163347700882 -0.987661602599179
FALSE -0.180833625153129 -0.872585263452896 -1.54341578135425 0.123553671463992 -0.850120880724094
TRUE -0.196134562098569 0.681216430591677 -0.636450359122605 -1.29768888650743 1.39933062069282
FALSE -0.898272128743325 1.90416691888593 -1.17045221322315 -0.67951174241697 0.474100007840144
TRUE 0.281394524904903 0.291477506416276 0.632296252011782 0.310504022582404 -1.52094761294928
TRUE 0.474761372042335 2.28392154374682 1.45970492422722 0.797650622326019 0.142419767243212
TRUE -0.972824164518583 0.287866489928302 0.120925964508646 0.130286552106669 0.848670431239443
FALSE -0.391746976242126 0.601190812605228 -2.17183265518556 0.331855912331319 -2.14249571548578
TRUE -0.169173551282807 0.0362513371384792 0.827917550166097 0.868097915010192 0.0195281490184047
TRUE 1.78694852886238 -0.018593408089794 0.355374529389667 0.851015415989961 -0.299819267887156
TRUE -1.56736314644013 -0.183449090358349 0.982940058708021 1.16956607039875 -0.664963572728921
TRUE 1.84790252081781 -0.713331702436332 1.30530250093841 0.557408996177135 -0.970681180701151
FALSE 0.4998932914253 -0.134246191886045 -1.18315944128458 -0.516029234281233 0.408569742764942
TRUE -1.58608369034671 -0.434480096689423 2.15104196397948 1.14530016703675 -0.879571633106348
FALSE -0.974005731915563 0.149396888236662 -0.186899311823061 0.379613815383693 -3.65902209584057
FALSE 0.112019199803481 -0.436905499163252 -0.757157822754936 0.26257004530277 -0.707134724119534
TRUE -1.20969342278096 -0.918254455913327 0.880247691026947 0.547604879302481 1.94174111619637
TRUE -0.85265570753648 1.01999822098389 -0.880584319412031 0.380728261128418 0.546693671408293
TRUE 1.53668359124637 1.18724207301786 -0.0924158341785079 -0.674687595370283 1.50363905601665
FALSE -1.037662871142 -1.15957171265144 -0.668989092909988 -2.14857430966142 -1.05562928357414
FALSE 2.07635850471412 -0.711318535266551 0.892718683635124 -1.83074744228328 -0.257445953096819
FALSE -0.506008498256793 -0.82779404257584 0.378491768916608 0.903706269810956 -2.19199340713198
TRUE 0.83361172414157 -0.070404344781557 0.950242238178794 0.768486351321742 0.244717768435051
TRUE -0.294026623906654 1.05196753853378 0.932429151699629 -0.199205033873356 1.37260670811383
TRUE 0.350964121765863 0.262619249239692 -0.61663953184208 0.613638697339466 -0.438521668147499
FALSE 0.325249443487551 -0.0933547041210351 -0.836020034262867 -1.13452764625097 -1.51629079999784
FALSE 0.305939420116423 0.614080197730076 -0.296292124886133 -0.221187601309873 -0.920783637701587
TRUE 0.0934170287999432 -0.114654014000618 0.805261716698437 0.360108445687694 -0.8496917302028
TRUE 0.605276344359585 -0.227283026156635 0.417917134188999 2.49035167712332 -0.95647316294983
TRUE 0.136059807199843 -0.168556543668654 0.335427952043563 0.228437316295876 0.216930051697731
TRUE 0.0640548590814373 0.715245717739397 2.26960021324926 1.04988768182566 0.131796091338895
FALSE 0.692450077808656 -1.8889077618509 1.50724287418083 1.40493908668944 0.905341943656332
FALSE -0.497608207480905 -0.885937777915312 -0.772939540037395 0.565597326202824 -0.499595339127003
TRUE 0.0761696341568191 0.553713497928315 0.631859394765314 -0.904014355430079 -0.29682480621925
FALSE -0.029559235312046 -0.475400522627666 -0.975103227014423 -0.48752869070717 -0.391546016671561
TRUE -0.736211586780737 -1.46104985383313 1.99738692578301 0.0989975853680008 0.166532758563832
FALSE -0.137795770858325 -0.819821445722579 0.262106073421852 -0.530339525283522 0.9310820549708
FALSE 0.193497101445703 -0.348083952279358 1.97142566086454 -0.52464231594462 -0.955196129959185
FALSE 1.97111934447685 -1.75693300049207 -0.603261732694682 -0.628384454731109 0.905658781291236
TRUE 0.122246903188451 0.244573077796399 0.664841124832353 0.104015121679474 1.22163074165808
TRUE 1.52594790250093 0.260410781505042 -0.634418659686267 2.44436764094776 2.30002418963264
FALSE -2.3303417275818 1.36924547224723 -0.848465109990249 -0.795265353342916 -0.0855187099175876
FALSE -1.69470143305356 0.443790352485199 -0.121248697509423 -0.364547373006958 -2.20316594224712
TRUE -0.598174041581078 0.654376490423569 0.338661078490641 1.17188488339727 -0.480373112974974
TRUE -0.957222014903185 -0.305702549296068 1.47168003165412 0.852626616867641 0.230129043925771
TRUE 1.67077125997588 -0.429503213743312 1.18117499599415 -0.0206098679239464 1.17995202609979
FALSE 0.98883655554114 -0.960715503468084 1.24002458105088 -1.42829959510369 0.360620592529319
TRUE 1.42524231784345 -0.82757875460086 0.311804072481582 0.473921338720968 0.57045080589775
TRUE 2.55493615703253 -0.248445441565832 1.53385811441401 -0.764759049452957 0.887187009329926
FALSE 0.379339457750943 -0.221595940282722 -0.656527673420944 -0.298990484603931 0.141415469555661
TRUE 0.559517990924943 -0.678503995187546 0.496661900124244 1.22840100360189 0.318695339728453
TRUE -1.08298181112443 0.815687045234275 2.30806919939691 1.88478673191689 0.319302946408239
TRUE 0.499929160173838 1.29755948130657 -0.971879935339256 0.222261007274871 -1.43206875253535
FALSE 1.94176398324526 -0.469951172348299 -0.327817508677033 0.0018125514731353 -0.596571995157872
TRUE -0.0107117214294305 0.308108184578414 -0.975751761279961 0.818519504856754 -0.396111660633042
TRUE -0.55131642346131 0.0775282422332227 0.557384360306349 0.837315770880521 0.0577864949456212
TRUE 0.00181624528132192 0.802784033715875 -0.406028707036899 0.428963724877338 -0.234643492969878
FALSE -0.807100903758597 -0.39814559349533 -1.99226178670844 -1.85465393760904 0.134612706626098
FALSE 0.287334216624169 -0.271979774337684 -0.220924726302751 -0.160684192768125 -0.99163852533353
TRUE -0.00625503539170358 1.89451217685135 0.640699071071824 -1.13208555127024 1.27913259880862
TRUE 1.05421970517982 0.924293524148768 2.33333795830364 0.625225726437596 1.29670578855669
FALSE -1.06029610839728 -0.115061072387355 -1.01483207925445 -0.307116033714877 0.15556697755856
TRUE -0.543830769886137 -0.474883325388745 1.7699985993647 1.40301157566841 1.26787078226889
FALSE 1.13395819004851 -2.60263898266946 0.60638482632822 -1.11434181142049 1.76803967255289
TRUE -0.0451233099490677 0.785661309133382 -1.24543025854924 -0.0283919673460242 0.14452860149149
TRUE 1.31868238682227 -0.823869391945283 -0.934178852669325 1.2051949442091 -0.516310154664438
FALSE -2.18431093537778 -0.812099939658333 1.58403892828912 -0.688944891318337 0.25961979624408
FALSE -0.143471232998941 0.191961187177825 -0.794777758075287 -0.831765615270098 0.376112398889184
TRUE 0.0700402295237435 -0.317587425579056 0.993758584057413 0.938293031780598 0.0717552822147782
TRUE -0.921572856926702 0.414661776031863 0.480021900562108 0.514255237977894 0.43978832745827
FALSE -2.91722888734395 0.471688761528837 -0.805597657155789 0.421031146818017 -0.952783768168289
TRUE 0.389878610975317 0.359071449814815 0.0995161633879362 0.196140452792602 -0.9361579670445
TRUE 0.536633166657804 -0.366345164491813 0.710472667874572 0.868349827613158 0.785733472447521
TRUE -1.34390610281627 -0.10644106361667 1.74024611559147 0.174902937124376 -0.0884556113816484
FALSE 0.661405812365511 -1.25811122753043 0.113908941615647 -0.406759803026061 -0.443574326490281
TRUE -1.66653858366506 0.766315626142442 1.5433988297252 0.0180816080787411 0.276588921920897
FALSE 0.20854859360141 -1.90808799117673 1.76584321838734 -0.212319111932763 -0.336343386685115
TRUE -0.444192289240796 1.81452870418903 0.86279361111617 -0.964764334737309 -1.62645132763092
FALSE 0.366956927621521 -2.10982181824542 1.03910409547231 1.69622217408507 -0.0760430395453191
FALSE 0.00643890739499795 -1.27275036056424 -0.504452276059774 -0.471729494192095 0.206268059922021
FALSE 0.375533180207678 -0.605851176232508 -0.677250209622921 -0.860845766622784 -2.06404963877375
FALSE 0.00271724031234211 1.22576886066596 -0.061393243689419 -1.15688822015053 -0.986434890865242
FALSE -1.14019510725242 -0.679583292055297 -0.221512736067954 0.105719125196943 1.12880073208147
FALSE 0.362769905691856 -0.780865321226039 0.351754360192462 0.0656630807713055 -1.23793742475456
FALSE -2.27717262189896 -1.04218516085761 -1.09795310456664 -0.00312227747973154 -1.02023253143385
TRUE 0.151147257740604 0.304087802552979 -0.220314056455165 -0.81596280740782 2.29086219749065
TRUE 0.0125590607806741 -0.467533254962822 1.06375703403176 0.225590880581298 0.792909483374137
FALSE -0.380314404745173 -0.0535973140692796 0.0435941677895576 -1.05278095539997 0.313670197542633
FALSE -0.650846087999438 0.893814361431361 0.03169320791135 -2.632035014311 -0.204107840194166
FALSE 0.715611156235461 -0.103739813652441 -0.385495209313353 -0.337541424992789 0.110958838417416
FALSE 0.885739274173685 0.0541533266965385 0.276630030388297 -1.33979480549372 -0.165768645812687
TRUE 0.113048992375764 0.1825235836819 1.13506183760098 -1.15237239937359 -0.352205599168707
TRUE -0.014216832349071 0.810522517254122 0.382422583304526 0.303121873797113 0.448829036600831
TRUE 0.285341612668463 0.346331247205412 -0.52783908923221 -0.524003195311561 -0.17981976146219
TRUE 1.22903349751672 -0.715280709028376 -1.71051030220216 2.27107141343556 1.50191035027043
FALSE -0.567162647988736 0.41735824201555 0.281899503704555 -1.39498353997732 -0.504164764184176
FALSE 0.414622704073911 -1.17011986311189 -1.10342387655165 -0.0250642680887134 -0.394924180376118
TRUE 2.20878002863916 1.45676663440743 0.638653073385826 -0.315767867155016 -0.546401059912545
FALSE -0.704284208516102 -1.0476095676242 -0.871659145608486 -0.971683069120776 0.502089849487328
FALSE -0.0214829130025739 -1.23874272685396 -0.153344854558104 0.394179137560101 0.166554631781364
FALSE -0.405749099894401 -0.105902124647942 -1.30662490384951 0.80629746426704 -1.36797736215444
TRUE -1.45405537764968 2.1578433870829 1.09225460590679 -0.431142778031451 1.23951256395533
TRUE 0.545299890788259 1.07432599909072 0.271553538423982 0.0491536033268645 -0.0400529189479336
FALSE -1.7990088597385 -1.77443928509908 -0.995263485667922 0.0216033268645222 -0.28700715013201
TRUE -1.05805842128753 0.401055203077878 0.333196463283221 1.45405045540519 1.35137994991845
TRUE 2.587775917558 2.07248835882324 0.630275561514321 1.27805955723404 -2.08141606439282
TRUE 0.913256087125845 0.68605671775465 1.68708985491869 0.958682818652686 -0.607534534941542
TRUE -0.165972188415107 0.984226882498848 1.71606123752149 -0.276625711002098 0.842934712135768
TRUE 0.695846722855124 0.401148313132751 -0.124865920769139 0.202289775664959 1.79439235160351
FALSE -0.540588794726424 -1.32310962801666 1.04464692443784 0.435192811268575 0.240342276269106
TRUE -0.163649636435694 1.12857210018429 0.572108230009553 1.45670888269017 1.0602665503797
TRUE 0.297718998983417 1.11033486206017 1.25441564078856 -0.321686969062883 0.699422174165696
TRUE -0.0904069153725593 0.359328885027237 0.677661799714342 1.26602410798612 -0.725062789586932
FALSE 2.83398668684026 -0.508192299040416 0.433211388335896 -1.25720316325586 -1.22360972736729
FALSE -0.453759649336688 -1.56825531236692 0.439839060731507 0.519424917489241 1.32408635070481
TRUE 1.6064474038476 0.0887545602893915 0.36663449880419 -0.994681075354712 -0.825182442103168
FALSE -0.768988891041987 -1.86178279853083 0.11693515255893 -2.02788282061735 -0.807732035382028
TRUE -0.515059200161036 0.283186713009067 1.0878637507642 1.07708389935874 1.37709217629821
TRUE 0.815469266528858 1.72256542800699 0.517801074098399 0.0723395100884444 0.565893659393417
TRUE 0.502631939817921 0.302505049925603 -0.190213686203616 1.35279895819927 -1.55206814422965
FALSE -1.00785461686556 0.024147154034571 -1.60424196367678 -0.398678093982247 0.193134997899861
FALSE -2.33484767900748 -1.78939007700794 -0.384909131851502 1.04212628499174 0.20127033833481
TRUE -1.44024519106334 0.619832932791225 1.44761088515115 -0.192174861322556 0.547584607090795
FALSE -2.18894000610386 0.301705814991661 1.31554970122191 -2.98571238003194 -0.860298744540017
FALSE -0.17986963993334 0.961892588777096 0.446183964229362 -1.41078953573007 -0.784495869125974
TRUE 1.70413603840661 -2.07656020319035 1.04733042582429 0.946677326117888 -0.357151603640975
TRUE -0.187598723970785 0.864034824350617 0.373857770903005 0.493138505408272 0.22505851592143
FALSE -1.37977691434102 -0.80484128847732 -0.702501702275765 -0.684876952875414 2.01810084213834
FALSE -0.447234161172469 -0.283813826715323 0.522165448866351 -0.0970796155773564 -1.15446566350497
FALSE -1.21501088538542 -0.379682797133224 0.105207373710991 -2.57119453152227 0.634537668786629
FALSE -0.24356196666737 -1.52224297246362 0.183275818511917 -1.28179914703548 0.485763376395149
FALSE 0.143000719763094 -1.57772908564409 -1.02156034929569 0.714245636438957 0.153836048065304
TRUE 1.39607677655926 -0.071945478212693 0.190418574373086 0.975626552705805 0.431405824888611
TRUE -0.474013274634746 0.179310181577919 1.26369142106806 -1.26597681277876 -0.499214789203098
TRUE -0.642183759389814 0.774820498611828 -0.112465690230217 0.778233388030559 -0.144090140683445
FALSE 1.17866561150101 -0.718582777863933 -0.475339382741302 0.246522041083966 -1.72839244875169
TRUE 0.204069308858588 1.08073675701945 0.19731607390659 2.28312628925055 0.371797313699019
TRUE -2.14627322089242 1.71943805103767 -0.70722707066457 1.53142625404352 -0.00959303163588022
TRUE 1.04691137294278 1.24450308505373 -0.728310588111994 0.0661750874497517 -1.14028763901521
TRUE -0.128100875876396 -0.217166920928879 -0.180909748448106 1.30180309706572 -0.642076567366257
TRUE -0.955599821517121 1.69576103562729 -1.88866180824424 1.03586258789576 1.35568083630055
FALSE -1.35576994364561 -0.298637345369442 0.600076700437027 -0.850062627520746 1.06965564845553
FALSE -1.06608202402411 -0.497191418759816 -1.28253789946642 0.492643791322572 -0.131035242364861
FALSE 0.419439281477063 -0.000918036122383406 -1.7951750169711 -0.0222846945068847 -0.0766451020069813
TRUE 1.13956842403987 1.16668963091447 1.6642800642361 1.29322110906383 -1.11330380252849
FALSE 1.22345868249317 -1.58384357314962 -0.271552247800611 0.971488540994342 -1.63819747685418
FALSE -0.67177243590947 -1.4518261379569 -0.503734578901603 0.410916827513442 0.33949574723011
TRUE 0.537103852529553 -0.123534981373391 -0.550620850315661 0.994175561721828 0.481373135817761
TRUE -0.328804450391638 1.76204417735137 0.63227579538418 0.906869159691004 0.752989692593883
TRUE -0.333455701463624 -0.622754626996388 0.993105282068612 0.922620008199583 -0.437901289043507
TRUE 0.022064212388183 -0.169346136867332 -0.658216451604772 -0.019633732389647 0.456984707207785
TRUE -1.98260176676887 1.03574945034078 -0.400022780700259 0.0684579909117314 -0.134244428533972
TRUE -0.722530124522889 1.42577110106607 2.40625725614725 -0.427075890791853 -0.866215195254292
TRUE -0.975970056389064 1.47826979431066 -1.19356786550512 -0.165133138073887 0.0459547179324062
FALSE 0.223224183997909 -0.889876139252984 -1.49272683603136 -0.0197002153865223 -0.452793585363058
FALSE -0.428577918813888 -1.54532469470837 1.36299145382963 0.674522916901255 -0.155870082148047
TRUE -1.45856948288848 -0.253331740283645 1.01132838189122 -0.252835863476967 -1.02076463010795
TRUE 1.80821283616227 0.563497669987883 -0.369466090259081 0.948244967606267 -0.786461676462809
TRUE -0.630164886431719 0.0480499876311492 -0.863232672436029 1.2789944380114 -0.231926324762556
FALSE -0.341025027752569 0.671044264326722 0.504020656569536 -0.36074118744481 -1.39587696709706
TRUE -0.0984828837475415 1.08751107963704 -0.592414463283516 0.977762218641629 -0.765150601144688
FALSE 1.21720814000753 -1.75068700835274 -1.02151100384693 -0.470450786200543 -0.568862204430245
FALSE 0.443585065573093 -0.264814252383635 -0.36797719402377 -1.16966643482366 0.240359295990693
TRUE 0.992610182576726 -0.720666329189611 1.12481074862606 -0.220400317920162 0.800570845509038
FALSE -0.852611797288767 -3.00011104040473 -0.13072184565443 0.555798119025152 -1.00385059003188
TRUE -1.01110930419303 -0.00967375098937044 0.625622239488131 -0.714157461122453 -1.20779047447832
FALSE -0.37983062291742 1.22160391356015 -2.81110446165665 -0.718811809509151 -1.89458961033896
FALSE -0.899050282518911 -0.539824616710355 -0.539959977593083 -0.486291159752019 -1.94712296883607
TRUE 0.56155400993166 -1.29740346925411 -1.01482793533897 3.36523723122741 1.21779197540764
TRUE -1.25272988649459 1.13251884418548 1.14396911584677 -1.23141732245262 0.632065719079139
FALSE -0.398055646463056 0.722881808928765 -0.038868698368368 -0.407091682695931 -1.85737636440046
FALSE -0.0583080053778726 0.512653544058807 0.211884597331165 -0.44528397960112 -1.92174591803208
TRUE -0.730977457798237 -1.74448125302873 1.35485421039063 2.07607206901362 0.220922444465539
FALSE 0.111890180601817 -1.58884585972106 0.158316156759575 1.50928149629241 -0.287535833984253
TRUE 0.752106818020693 -0.924395260968362 2.50483829095928 -0.370111231804983 -0.431780549885255
TRUE -1.31446222822139 1.78880273916226 0.947435885268774 0.268107230821391 0.632062464012527
FALSE 1.13644476096846 -0.81661032093 0.0611490887765332 -0.811623538259261 -0.903531507645852
TRUE -1.07885633911114 -0.515489556967461 1.23856981359354 0.479999357666834 0.680829365432173
FALSE -0.277646440931189 -0.555317561492141 -0.907873568100504 -1.811046874837 1.6252051006364
FALSE 1.11559917253619 0.380540508759605 -0.474442279355829 0.245528003289904 0.0876785457751511
TRUE -2.27399269324874 -0.550019975830857 -0.403531693722831 1.45819120257523 0.109188219300683
FALSE -0.450382090769779 0.335902412119684 -1.78880162708102 -0.293576880904434 1.06046198721744
TRUE 1.19997595012217 0.550096983335762 0.640842066797434 -0.147107441572845 0.455182192034286
TRUE 0.664760500945743 1.76467625275648 0.0182338462641332 -0.6909698030841 0.509738010705724
FALSE -0.136460998847062 -0.573149513279976 -0.7347052875598 0.441794626569428 0.0957841741789389
TRUE -0.353433252778076 1.97725952335711 -0.0300089694621203 0.549498539348596 0.963751445947684
TRUE -0.413820449708344 1.36509619381103 1.06296408327317 -0.675085484571647 0.533785655538316
TRUE 1.86041357172299 1.23272782876389 -0.358612558735215 -0.91594952091747 1.10063745698286
FALSE 0.342206804330631 0.248129032435262 -2.71439536025225 -0.0351051163618638 -1.37372249952689
FALSE -0.276914747372643 -0.976211593532278 0.408652581518698 1.08436234611584 -1.76096881844185
TRUE 0.0395348140765636 0.884230308689009 1.80464728387609 0.928495213178303 1.21108482927
FALSE -0.134887513073155 -1.90497189495712 -0.644442581355244 -0.0353018041380086 -1.07389900884364
TRUE -0.30087748862469 1.90021242430929 0.322125463541163 0.296162212178132 1.00144255003459
FALSE 0.657598959581512 -1.72181813926813 0.0765342303720763 -0.869915289735944 0.0947570891702538
TRUE -0.647255845837983 1.16739825268914 -0.386666713259107 0.678176236714692 -0.502387256480701
TRUE -0.882307538619977 -0.116252120155733 0.374903993822019 0.712298075015389 0.143279508788742
FALSE 0.559628714260704 -0.383312245967437 0.97597665069543 -0.154305979388477 -0.0882467561473343
FALSE -0.470241161694322 -0.495340434358136 0.255727178924202 1.48196699886412 -2.29882875934267
FALSE 1.05946652123984 -0.457871917161863 -0.841609661801618 -0.897749967682765 -0.259910324368366
FALSE 1.10380437137238 -1.35908608894901 -1.26948864518262 -0.213409231217474 -1.38807974210326
TRUE -1.01473394150727 1.03005991286414 -1.17714408187582 0.347083767810387 -0.042832128378201
FALSE -0.586961859432007 -0.824329849346436 -0.021407067336054 0.29475894048827 0.0447292041235948
FALSE 0.311891993949442 0.95709664243019 -2.52534566818109 -0.591460232492066 1.64211166940017
FALSE -0.887109615339196 -1.56129792055883 0.79364932530734 0.40474808701505 -1.02838441810773
TRUE -0.863631816317046 -0.603820491897016 -0.293178275265505 0.895390642566762 -0.845461137785235
FALSE 1.25855489594769 -0.993045365534343 -0.747644436266483 -1.69520621675085 -0.109080797026524
TRUE -0.384676555231335 1.28531262523002 -1.90005833716133 0.417867041067019 -0.226173206731417
FALSE 0.212920724326948 -0.577495042470027 -0.0356819439850482 1.27852279179756 -0.951381663599366
FALSE -0.407056567294308 0.644823398971202 -0.513512389260463 -1.0306380487904 0.131823180996243
TRUE -0.384021615573439 0.24021972216472 0.356424896264222 -0.251728892297818 -0.544083914367127
FALSE -1.5263293995914 -0.0586447179603016 -0.636762932057994 -0.417131013199485 -0.241134978547306
TRUE -0.158897322142354 -0.241796009161485 0.501232985488702 -0.949401954823396 0.498770469723295
FALSE -0.335403504655712 -0.307553987328949 -0.972434993422992 1.17912846946756 0.393453954416608
FALSE -1.35806921367711 -0.0148369476286984 -1.82691260018625 -0.413640405224538 -0.233165778256093
FALSE -2.71238969194796 0.234711329451246 -0.609430845333336 -0.553572358266901 0.307333341379394
FALSE 0.558950444343417 0.0576192661729386 -1.70216494620881 -0.23941985174698 -0.261004451677131
FALSE -0.011206783921356 -1.69719713645711 -0.821853179207685 0.0253155888900167 -0.161313099522697
TRUE -0.172109720140226 1.21746048358157 0.40840395892052 0.173113698174492 -1.22401316402015
TRUE -0.596955285191509 1.51295892894743 0.356998050275558 0.53604804283269 0.917421239848612
TRUE 0.538470340029524 0.0540998266685965 1.16405015353018 2.33586033642088 0.448212308843993
TRUE 0.513968567780641 0.418254681442462 0.125268193452357 1.04332142177989 -0.676755963844863
TRUE 0.481950549488873 0.0632236478165751 -1.65436770191373 0.241573642998424 1.05471338117787
TRUE -0.902483675853713 -0.299824994195258 -0.391535078171105 -0.744328066337332 1.33479232310835
TRUE -0.956524054082362 -0.700165364024639 1.70288992022106 0.620004888121391 -1.15674072604398
TRUE -1.10007907621225 0.276375520110519 0.955752947865418 -0.695367634423194 0.317010846015635
TRUE 0.880758965693347 -0.806694704637339 0.814327566289646 1.12066577638298 -0.734891973865234
TRUE 1.11177772289065 -0.605972462377673 2.27845651924676 1.60351946454559 0.239784820811447
TRUE 1.93210101331159 -0.574009158044484 0.314628362326239 0.679784310016568 0.441665942298145
TRUE 0.521831459580635 -0.670271758930962 -1.97800757885435 1.10355042647442 0.189685666146944
FALSE -0.755210392053201 -0.696024357164081 -0.0545191879025894 0.959916273081203 -0.727334765893842
TRUE 0.347389558067363 0.318470812600057 1.89883350161834 0.385667170395441 -2.57927137463656
FALSE -1.50620457059914 -1.43313090606512 -0.721930762528524 0.596902401700314 -0.737135331867669
TRUE 0.441613439542638 -1.55166323877486 0.472163148752508 -1.20455504240628 1.74669805621676
TRUE -1.11257457553583 0.0276696683621989 0.334170924697069 -0.724009500542192 0.924911090397467
TRUE -0.131669401518815 0.383672928900454 0.980557509915631 0.392324682050747 -0.711736391266303
FALSE -0.515442418845092 -0.37241539496232 -1.92265622165604 -0.838009213648332 1.52395207475177
FALSE -0.447868029792243 0.346557392884246 -0.917229478346325 -1.51128851288628 -2.39014318469007
TRUE -0.944083022690648 0.135093912600294 -0.143732687976985 0.782774882215806 0.279755719810256
TRUE 0.125229999873032 -0.863349328635199 1.30318097639055 -0.389391294566841 -0.00263282796777434
FALSE -1.16012448181045 -0.277953630522104 0.211960046809231 -1.12966856020791 -0.617902210847062
TRUE -1.01123824502518 0.618434194257814 0.419868976640918 0.858935193562795 1.29597795874693
TRUE -0.117341444290539 0.159171551540665 0.818069773456738 0.8419508997119 0.606048928452622
TRUE 0.464617510067686 0.750717271284647 -0.796832572786381 0.764978036890037 0.244896280145551
FALSE 1.04943501468718 0.121753107439794 -0.766602896325301 -1.03825152136857 -0.653973034489892
TRUE 1.30423752863296 -0.0968517041806376 0.325202540720851 0.223814616165739 -0.114773787705766
TRUE -1.21358577523051 1.47389384309994 0.519249191195668 -0.78417941190079 -1.16128249410363
TRUE -1.62316380427703 0.610849487260284 1.92498931325897 -1.49692115107729 1.88029216911482
TRUE -0.811258696880633 0.409449137701602 -0.206059753317874 2.19787663454771 -0.87604902615409
TRUE 0.630557623058503 0.386276698472919 0.881529696856981 0.862450517618758 1.11386660543785
TRUE 1.50072344981382 0.30271646773541 0.13577212930866 0.0388116677306973 -0.961677077737283
FALSE -0.652309613476648 -0.711579399143552 -0.744609558932208 -1.05804680033864 1.68530549480492
TRUE -0.0532921721969126 1.22829543304844 -1.06368628628129 -0.0106610442909149 0.320941995809681
TRUE 1.53815335029753 -0.590235829617986 0.476007190392034 0.430354995881173 0.746910797892691
TRUE 1.65431614186349 1.95263406011962 2.06207075005552 0.55572434467535 -0.88905836720091
TRUE -0.116739187115587 -0.190114293133228 -0.658824823680053 0.955824431744618 1.09322965378541
FALSE -0.975490200493846 -0.000726455498895081 -1.16547605144658 0.847676027476547 0.446971244322948
TRUE -0.684318799596637 -0.612963734020632 1.73332239966827 -0.78519543092159 -1.23273029966869
TRUE -1.65430945005009 1.90458602392651 1.26473617388596 1.89082622356566 0.607644923562775
TRUE 1.09144811826323 0.884325212394152 -0.799081798164306 0.0882626500721359 0.543539527510803
FALSE -0.668016707968087 -1.85072121039896 1.91297392479518 -0.770753115018227 0.247785404341437
TRUE 0.18943587716159 0.473932690318659 -0.114641214837415 -0.293896432378172 -0.486584562579103
FALSE -0.799109783020705 -1.21952993646581 1.24808615681546 0.247503321062794 -1.67838808373155
TRUE 1.39365072550145 2.7927982707196 -0.12468563826132 -1.47156473923499 -1.17394057475808
TRUE -0.989004363545747 -0.022409593277547 -0.781850591973518 0.894599164574123 1.30265716067484
FALSE 0.392322478713034 -0.401983913433161 -0.25661590566525 -1.81937395366766 -0.170491404332435
TRUE 0.671506038276122 0.470753088326728 -2.05442211958209 0.282598811104858 -0.183444016044305
FALSE -0.708157805019811 1.10113374172181 -0.365592805849587 -0.679862586147595 -0.951631127665631
TRUE 0.846330605888668 1.92494203927718 1.29223607867777 -0.450215554175113 -0.475717419116979
FALSE 1.06999124050986 0.0213106396355769 -1.52904744938425 -0.71520261533314 -0.976752078553192
FALSE -0.133952579664748 -0.91927127865338 -0.598305296457946 -0.480499667446282 1.26323130623934
TRUE 1.50532652379246 0.56340433091255 0.154254810173012 -0.509970821895844 0.184744645467025
FALSE 0.908259792809115 -0.572205260832902 -1.87665102088135 0.72749667370023 -1.47268673303447
TRUE 1.36956674649353 0.221125209257931 0.748367907809293 -0.478951920354725 1.22072906287539
FALSE -0.339771884701677 -1.43111514509434 1.03349614697605 0.126813933623447 0.251059912654802
FALSE -0.370871260090222 -1.30119455125057 -0.129795022731546 0.911800634735723 -0.944095901761123
TRUE -0.43131963054913 0.487192927988949 -2.58185405181174 0.652616384599568 0.447730503495519
FALSE 0.0548255077988013 -0.581371058889498 -2.12730986736912 -0.159901677404134 -2.61943425904004
TRUE 0.510229438789063 -0.616902284515554 0.459432987123707 1.94275493987123 0.836532168013515
TRUE -0.244676379515914 0.522187729172299 -0.0296454546987123 0.535991431218075 0.910150026238999
TRUE 0.996012213180359 0.165026549557487 1.47923769502118 0.644100365159236 -0.704843114555894
FALSE 1.37034493621888 -0.372312363941985 -0.601298231235806 0.967291792068471 -0.641465535002041
FALSE 0.0268786821806214 0.212158547275746 -2.04813678043062 -0.548977077661226 -0.624011434029637
FALSE 0.138785019529943 -1.53593324141442 -1.34410271564934 0.505997742651996 -0.255524298064501
FALSE -0.218146701481625 -1.87676619648441 1.49918221877481 0.329426636627819 -0.646304319902578
TRUE -0.112317631668594 0.437431442492375 0.0067799314335667 2.39113014246171 0.487967554300429
FALSE -1.06078775883842 -0.975552602035917 -0.0172751385018443 0.53437414382859 -0.0932735853528916
TRUE 0.206086675019271 -1.27939978752629 0.621456191111061 1.14020237602374 0.650382522675239
FALSE -0.14197820109029 -0.794721840754301 0.338931255303799 -0.102322949672405 -1.37612182178277
FALSE 0.792610064123167 -0.446634810349824 1.51395710801656 0.313636541235321 -1.90403085301471
FALSE 0.121060343286519 0.547835208654979 -0.371823109317018 -1.58504579956765 -2.00708813254265
FALSE -0.463794520500581 -0.314005275256246 0.911438812756974 -0.789964170756414 -1.47047830565102
FALSE -0.209537731804108 -0.466550780982802 0.35644068242455 0.30009959446475 -1.81930878065111
FALSE -0.0248723870475848 -0.0687768566656294 -1.08185309012944 -1.40212793537137 1.83204309983427
FALSE 0.652078176475514 -0.632942004074653 -0.0556015296727537 -1.98284175439324 -0.671761727115541
FALSE 0.382543688577577 -0.0487817809205058 -1.92338544033535 0.137787645800635 -0.854999791844795
TRUE 0.885725426874268 0.0401566407884099 1.15106535971984 -1.10383111442643 -0.457586336832802
TRUE 0.594066426373576 -0.314024870377433 -0.155172452420743 1.42150471860274 0.449743055303416
TRUE -0.179781175263623 -0.194240408966932 -0.198245287175607 0.848829289182676 0.755729310100649
TRUE 0.558778535622381 0.773905911174552 0.661824197429267 0.150141711853839 2.3635379783541
FALSE -0.969795078669137 -1.74996893351673 -0.0855774290196172 -0.324929878732838 0.240677044071175
TRUE 0.739348259379403 -0.426851107026716 -1.2084699815403 0.455276935414674 0.692219784903808
FALSE -1.35340960411866 -1.24379135870092 -0.387390203711393 -0.167421666594635 0.20278714232938
FALSE 0.122786912333199 0.13245227444748 -0.520244300002662 -0.136957300831236 -1.69530154683385
FALSE 0.265173737056437 0.436598000353867 -0.504195304640508 -0.346967261907192 -1.76593554087208
FALSE -1.62126404726623 -1.15211746508448 1.76276221925349 1.14609530744614 -1.83234904774479
FALSE -0.93010301132988 0.0581618483122014 0.459584687160125 -1.83628347110432 0.654556532013636
FALSE -1.76839082282251 -0.16621133755794 -0.127346365468199 0.455249960272138 -0.707260085851454
FALSE -1.19770120698547 0.00861505771793018 -0.246071441656521 -0.32135083809214 -0.354040109940167
TRUE 0.985329549370029 0.501870721512798 -0.353306009759857 0.0442554774451068 1.37816460117579
FALSE -0.53752220762092 0.159214571848312 -0.59718743460459 -0.726725327033409 0.57094336420387
FALSE -0.318042563712058 0.586044799550122 -0.975190365627639 -1.02737767145416 -0.881451852701501
FALSE -0.195218803292871 -0.601119352821779 0.778721019456038 -0.412468330357438 -0.07905779487461
TRUE -0.0666574659124644 1.34435089978541 1.1157802264639 0.403773889013917 -0.0468599719967739
TRUE -0.142379108350628 0.114405527705954 1.54033913926452 0.639582147243135 -0.0675511830711791
TRUE 1.72852922130216 1.73222246926479 -0.913907722587788 1.04997269396627 1.80427223073124
FALSE -1.20079300235898 -0.0410877353710036 -0.0803486247560594 -0.960734135151071 1.29598733522338
TRUE 1.79124221104117 -1.3643974078748 0.21479664968471 0.653964856337154 1.19697779641622
FALSE -0.811095652690739 -1.52510766185504 -0.176149130945247 0.410661267463021 -1.22872141699898
TRUE 0.75459470558433 -0.579052131947024 -0.345605578542031 0.251745935774626 1.42095415739875
FALSE -0.727249052571286 -0.703727838106566 0.949711724542174 -1.91258875537153 2.0291604195225
TRUE 0.603438499696365 0.295604281454041 -0.288982568684136 1.25549319974279 0.403104989861926
TRUE -0.304808608791082 0.623405511683961 1.38068805505983 -0.618457320397825 -0.940225134367168
TRUE -1.39600665655052 -0.0709576969364148 0.554235954176385 0.171720335312099 0.731983407382394
FALSE 0.581767896161307 -0.0599505007030619 -1.65604418833798 0.564433366645672 -0.831579196039236
TRUE -1.3799332997613 -0.343997736586821 0.51234196180679 0.80050439012212 0.325220164341384
FALSE -1.84623424115093 -0.873638633538046 0.981033038248968 -0.749018104733909 -0.163250831458755
FALSE -0.0710141346324637 1.09496664592927 -1.58691991191112 -1.21556425701142 0.476327374062141
FALSE -0.131790794745281 -1.55099348913966 -1.26813582142986 0.8666708190592 -0.870349731079339
FALSE -1.03684480627573 -0.0273226523623694 -0.213758997389596 -2.05744989581093 1.48378991891131
FALSE 1.34810598841908 -0.732400399735242 -0.742419363152521 -0.28832725229287 1.00547308065874
TRUE -0.407948143080278 0.411090108269399 -0.542486263798007 0.74497561736704 0.442082325762716
TRUE -0.216170515926271 0.697946243929053 -0.789045199295074 -0.465943255664221 -0.0865200425706654
TRUE 1.44257586431308 -0.852277326325398 0.288254933528567 -0.491006317064108 0.520660213935827
FALSE -1.33179935179728 -0.880078048107657 0.429663299269907 0.452163659843456 -0.454909431930929
TRUE -0.73273422481469 0.7587543054314 0.325483670509279 1.93022655539018 -0.498921212043824
FALSE 0.366611232110753 1.85710437421394 -1.32730664587117 -0.134865725184593 -1.04548589197591
FALSE 0.83246846962388 -1.8461418873507 -0.0607526101785506 -1.07822812463614 0.947647661580373
FALSE 0.381329982086571 0.930132583736252 -0.560350826783899 -2.7756394639619 2.21592593192283
TRUE -0.0163679864789865 -0.252911654411848 0.783118978516855 0.943880392406762 0.696706807649421
TRUE -1.78932344428093 1.02558465315664 0.0367679902306344 0.503189530630247 -1.05107740084628
FALSE 1.98625039880583 -0.331050832605714 0.526952449186284 -0.859628010850366 -1.14241581506353
FALSE -0.296761128950123 -0.376398029461069 1.06013150243962 -1.83754452031963 -0.408504503639098
TRUE -0.723402231072608 -1.33351244070672 0.751844855930578 0.72222595328967 0.700230457732974
FALSE 0.798335625404968 0.155571528349131 -0.910107344973058 0.704850588767687 -1.2331033446056
TRUE -0.533059192887369 0.661768807267961 -0.369186304918732 1.13246522182886 2.34767086197615
FALSE -0.339828268579013 -1.03312257990642 0.718556152065362 -0.660401618865374 -0.0215400865381711
FALSE 2.36995391959498 1.28092615327899 -1.53563898780739 -0.855487573615743 -0.804408283890067
FALSE 1.10886579252544 -1.77278204983517 0.0461280988015608 -0.13680254939853 0.40160089354312
TRUE -0.202223515119418 0.686355556437008 0.109250069840556 0.0738649692680917 -0.25452711968211
TRUE -0.619841256327557 0.709222233182595 0.179746721999791 0.411331273715372 1.631888069166
TRUE 1.02120870867113 1.67223507085617 -1.24326371738132 -0.181789265165631 1.21526312619801
TRUE -0.669589162933802 0.315475508832302 0.335092791524793 -0.439189623697058 1.91192147655525
TRUE 1.95496019043959 1.48678298144969 0.112332160874182 -0.334594868682169 -1.28280154966943
TRUE 0.859765783334527 -0.348396781860279 0.442510855631869 1.91938717034799 0.241327284082194
FALSE -0.539880076665024 -0.0236988868052824 -0.767730135789012 -1.28248150260501 0.594943007591211
TRUE 0.436837321966221 1.39771076764989 3.00651593279127 0.399564572737672 -1.98167658974763
TRUE 0.0357818483253944 0.513048907040932 -0.936463054425405 0.58870837897053 0.0681922060704641
TRUE -1.90623549994324 0.545925945202344 0.381020216900116 1.40159583874039 -1.7844805993918
FALSE -0.727061718640667 -0.62548808892768 2.09310487993054 -1.40245680009329 0.124691183467688
TRUE 0.487087878791888 -0.0249129251908671 0.238222699226749 0.407469281961094 0.933639878078978
TRUE 0.383732682528692 -0.11345062689643 -1.10891537716214 -0.270447498356057 -0.16265262884601
FALSE 0.623880945897944 -0.276767049908628 -1.31858873655298 -0.967789113785347 0.548890824755845
FALSE 1.20033986548597 -0.14169972502525 -1.12253026004043 -0.150935385934895 0.0123719276549883
FALSE -1.97533961433645 -1.00541303211444 -0.22804667883955 -0.832720712272056 1.66248681367023
FALSE 0.330343469718196 -0.271233392886055 -0.620586820935996 -0.884758322452124 -0.696743892390547
FALSE -2.54811830413319 -0.451456721963303 -0.616371439693214 0.134646223906364 -1.07093334484983
TRUE -1.55497843133409 0.843959692388995 0.989077891563478 -0.958178163310714 0.208432371897666
TRUE -0.760354598818366 0.253575460085001 0.224234520258178 -1.18856246539127 0.745096539858315
TRUE 0.701248978762639 0.520734422883136 -1.21208475940389 1.57415571456191 -0.804028611521353
TRUE 1.63185566758329 -0.932183719402189 0.182989575884406 0.624193187190001 0.780560328381471
TRUE 0.168541890623191 -0.278679736464791 -0.643177442814731 0.0501988450773221 1.32655581934764
TRUE -1.19581501905365 0.559134128227008 0.593748096314898 1.04336639237507 1.00154572266348
FALSE -1.54147324916379 -1.96618251329282 -1.38826142748786 1.23600978270882 -0.205513033209095
TRUE -0.0686148670331466 -0.788696572334643 1.06904783730904 0.215703887981639 0.25423587009505
TRUE -0.192394559772954 0.161807449843516 -1.19232107262379 0.601340387974576 1.0881277984031
TRUE 0.568572156359755 -0.629706592003623 -0.0289938951413735 0.460746095332691 -0.303482486344745
TRUE 0.00963134950583735 0.64522491766266 -0.981624411036837 0.424899241951009 0.0213166710806596
FALSE -0.329285737821497 -0.585328231723928 -0.342050629585208 -0.799250064535965 0.307034648861149
TRUE -0.390914729996126 -0.017723776479704 1.08851460910165 0.972649399723279 -0.161976873269951
TRUE 2.08008596912649 0.472234242210928 -0.545955854816949 0.874981120152756 0.173209771025926
FALSE -0.745366170526308 1.26303260274754 -0.334981794973149 -0.609008978924985 -0.867410542729644
TRUE 0.926218562651187 -0.986689712313925 0.38313865967502 -0.683209399418634 1.90206193174381
TRUE 1.57325302421277 0.534272251925679 0.0253436068092105 -1.83294510129422 1.55615983381139
TRUE -0.711444992895382 0.229960702960763 1.18617903147676 -1.43327575808478 0.343312731938925
TRUE 1.20749010531406 -0.360265458050942 1.20601332221172 1.30014676300441 -0.968911128497573
FALSE -1.28068260692499 -1.70382123589877 -1.32315965148037 -0.214772856810035 -0.564796738753012
TRUE 0.846738245515518 1.46875509305613 0.404283440499528 -1.8452032725122 -1.37927709520008
FALSE -0.682372994711816 -0.864856814902019 -0.445890112137677 -0.531490116047377 0.455540568483914
FALSE 0.726505723303313 -1.04890998209124 -1.29217233284389 -1.56172259129917 0.667444940611613
TRUE -0.0365551112295982 -0.97041708253204 -0.306818732645236 0.800039020278414 0.958088802216724
TRUE -2.10867112073831 -1.05057447236254 -0.177045495403235 0.9212053094473 1.27646204565511
TRUE 0.426193147824363 0.769173910171433 0.227060148454844 0.859978407849525 -0.759400762792536
FALSE -1.0842608707256 0.153734470054662 -0.515403627458709 -1.13432257084177 -1.07677841324443
TRUE -0.805223268980268 -0.12830152026041 -0.538720755909722 0.313189304769094 0.438499789762478
FALSE -0.865331489984202 -0.739181339683221 -1.01918144210812 -0.10857853635305 -0.018674404501047
TRUE 2.4345603186737 0.91741745310611 0.403284010750531 0.395019767328202 -0.164850196210655
TRUE 0.359189694073364 0.682799829767556 -0.366242927903952 -0.478568416008394 -1.29203974674648
TRUE -1.28990189303977 0.289441596735159 1.18804266579342 -0.33073507291427 -0.671393569937125
FALSE -1.26804844410391 0.0772939924188483 -1.21953802806486 -0.149372036300966 0.119078890746043
FALSE 0.528036707494685 -1.9855578490783 -0.276994809987172 -1.11727572596047 0.933827617960645
FALSE -1.55652475799604 -0.190895315989911 -0.993701734273185 -0.451979967439832 0.0993888431434461
FALSE 0.744287893841137 -1.35991142478557 -0.726341140975049 1.10289304181617 -1.42226555636967
TRUE -2.07930876229858 0.277696140931372 1.85942224712265 -0.415691055097228 0.361627343060377
TRUE -1.05311179614838 -0.0985007312277789 0.116947081018961 0.822508490677997 -0.707594611181304
TRUE 0.201452620796578 0.967698653546609 -0.370780786182984 0.897749665723259 -1.62712088559503
FALSE -1.09524926963497 -0.0204628627570891 -1.43871134138587 -2.08493072451553 -1.47741410597714
FALSE -0.945955291703054 0.110067499648184 -0.943652413454797 0.755532864054399 -1.05275177455941
TRUE 0.699476078995678 -0.563536232801995 1.05285825014786 1.61082585347403 0.214814626729374
FALSE -0.048584509601175 -0.571807809560698 0.158655803655927 0.895173484286632 -1.27034403667956
TRUE 1.42259231268966 1.20076757259658 0.962755300435745 -0.849919514449192 0.529605367340759
TRUE -1.69458343853226 -0.15447953849973 1.84128777514965 -0.95195045755451 1.07652123794584
TRUE 0.240052809672422 0.0614181908936386 1.57220791827394 0.348563440732161 -1.62996444008812
FALSE -0.956383958667656 -1.2154711425299 -2.30064336786153 -1.22719035932882 1.789964750912
TRUE -0.765303877339216 1.3115725440808 0.95913581710714 0.676859511981916 -1.65196998210546
TRUE 1.89874783131408 1.19594071542973 -0.45689956196746 1.22518151006517 1.42096000860923
TRUE 2.15664258459027 -0.651008388562529 0.222854238637694 0.748095862063441 -1.44759548739879
TRUE 0.75632750111982 0.00668033513666868 0.394718785714317 0.513257917281891 1.02853392642882
FALSE 0.70928348225738 -2.11978751335388 -1.35232383651411 -0.0740511745344814 0.409214382156339
TRUE -1.43642316727143 -0.831236590891099 0.562108591834319 1.1618993538617 -0.23884168665601
TRUE 0.341723608398553 0.737575128993182 -0.50750693819 -0.618555300275965 -0.444792898407602
TRUE 0.838543377555163 -0.226489704128441 -0.53405793197947 0.522865854156663 0.797778270434125
FALSE 1.18727204806654 1.12851301917033 -1.0272089961591 -0.0976218355212363 -1.69334607737626
TRUE 0.341427476772205 -0.340581881739065 1.1191336724435 0.197672902306019 0.550797763254907
FALSE 0.0750634729138162 -0.936209982582129 -1.34476114175525 0.766219344494793 -0.0926085221841954
TRUE 0.00573154626971264 1.40833753796331 1.86781726681374 0.26421775844289 -0.343771607157763
TRUE 1.59645358424459 1.20576154691968 0.0958184883508087 0.0762990595545697 0.547134617658964
FALSE -0.814982326864426 -1.11922747249068 -0.400346602279206 0.297905701441233 0.460324692088033
TRUE -1.0202036730577 1.56849523195766 0.778376164534031 0.840646174138703 0.270405725108292
TRUE 0.334917804124349 0.88426257767205 0.313621119878839 -0.145981009319379 0.815438062674018
FALSE -1.26308138039335 -0.446163077988455 -0.396525804795636 -0.270117459491915 0.160848020483288
FALSE 1.86765249623652 -1.58051762444982 1.49957087415736 -0.867173002448997 -0.99225606446414
TRUE 0.297862011568457 1.87530535656387 -0.546326306762595 0.287827628672858 0.701921324081875
FALSE 1.29682734284783 1.45287457717854 -0.603020136971442 -0.604070337469752 -1.57713317027622
FALSE -0.845944884850225 -0.0991278569415248 -2.50732607861951 -0.304223263053517 -0.235837122914213
TRUE 1.22912722020832 -0.335459307792042 1.23582350090744 0.184066838654752 1.34188177705353
TRUE -2.00361627537173 1.57092828363011 0.343445479970399 0.615661186582945 1.0045283374893
TRUE -0.340659381259451 -1.00388123681393 -0.258101376528207 -0.425752775070629 2.16266151318889
FALSE 0.544286390099022 -0.105918072316686 0.070308994144973 -0.26089065335531 -0.716940615978031
TRUE -1.3057017274592 0.38180480715156 0.0967253147267596 0.998036236942564 -0.171552694159433
TRUE 0.0803167673367037 1.16895293113988 0.619158655611102 1.16365700793981 0.955267464998255
TRUE 0.407640604389538 1.32004420579943 0.538668759396154 -0.208991565982041 0.0561466052741721
TRUE 0.758279489851952 -0.126070598704414 0.190069616746486 -0.264724429735819 0.717230215911761
TRUE 0.0292501360828302 -0.383795111266755 0.328235036705694 0.744827864505639 -0.221027285335056
TRUE -0.135254119850469 0.256957836899967 -0.824712983716868 0.648635550780453 0.185729317921578
FALSE 0.628355500593478 -0.716481486944768 0.218783439277294 -0.331863835043397 -0.419733947939133
TRUE 0.361934017711199 0.0243515578808514 -0.106322088468133 0.657233385108861 0.135087809818313
TRUE -0.383702394425657 0.414787482306615 1.52120754234814 1.38175012710411 -1.16969848478845
TRUE 0.278701550486992 -0.24752856104664 1.48909578452094 -0.353446343166998 -0.965462493945821
TRUE 1.12766775478832 -1.26190771083085 -0.329087702239327 0.427083897089691 -0.162226147685381
FALSE -1.8038515455384 -1.14463396270788 -0.121006974019892 -1.85642139610173 -0.453334890474642
TRUE 0.41916824464848 0.799089824397348 0.463142268686859 -0.64889538989894 0.399084511401516
TRUE -0.82786735869756 0.93549526693133 1.22039273272034 -1.53941047458684 -0.306278270216832
TRUE 1.36306456855693 0.42519042644876 -1.18185657235314 1.72816423980102 0.16476457543512
TRUE 0.15789747496801 -0.627241977080284 0.450166065782167 1.49728418269748 0.116683210354985
FALSE 0.0613712959691005 -0.581057480441541 -0.442662243733653 -0.31070803738665 0.568761205702657
TRUE -1.10227605201963 1.50925712321119 1.00486097191064 0.12055884546614 0.407766141435722
TRUE 0.81228660487579 1.88900432949609 0.463677301290317 -1.76278146160889 1.25760936754999
TRUE -0.964400083996139 0.00490961707774353 -0.822501617350472 0.396783838031184 0.717683013554244
FALSE 1.27301989984847 -1.27211593359667 -0.64115624747162 -0.650584653868831 -0.414965604664763
TRUE 0.0678430436117099 1.12275054471569 -0.182393504279743 1.20444752193081 0.0579688723319932
TRUE 0.815582293838947 1.09793927637103 -0.317228625132997 0.982269139141663 1.0552046400862
TRUE -0.99045414564705 0.256953230867737 0.0365602728477549 0.63212720195068 -0.411678915353361
FALSE -0.098117011503312 -0.610207664417762 -0.556865837508943 0.310334491900183 -0.199152845496582
FALSE 1.11035927488255 -0.949293257775394 0.247571759204854 -1.07002714323399 0.964286712499408
FALSE 0.636881882754268 -0.381834767668106 0.624223884878412 0.70019925268589 -1.8443719291998
TRUE -1.28845580962466 1.965775741611 -0.142072995880721 -0.365573453074227 0.0797954241247062
TRUE 0.966297546254715 -0.103691184081595 -0.0426591678778249 1.10223566816822 -0.357892627299564
FALSE -0.427485917415919 1.22897224204979 -0.697093300347944 -0.578553647002787 0.167886072818956
TRUE -0.0512082284828811 1.42857843040052 -0.0393358583651984 0.33811292700964 -0.983954085363818
TRUE 0.526516684794848 0.726753732208295 -0.653277699508349 0.918865061719868 1.37083365135107
FALSE 0.550680073411214 -1.06897948730561 0.312738576338087 -0.973458092661923 -0.647009169571747
TRUE -0.595637693708089 -0.0225715151994379 1.40426685667824 -1.49765736635666 1.01465242997144
FALSE 0.512634845699181 -0.449555813371553 -0.244939142928224 -0.483826406180062 -0.213031090751086
FALSE 0.277419668229915 -0.986744396654679 0.0647400017600796 -0.762995022606228 0.0153368475706058
TRUE -1.76191018257948 -0.245479207739566 0.43424576821909 0.80737232120063 0.859813178424548
FALSE -2.30480956492603 -1.6937709431624 -1.11100518997004 -0.682737673882753 1.86590620751989
FALSE -1.66015637405082 -0.348197271189228 1.23989341030216 0.380497784048778 -0.304186499237295
TRUE -0.318115213182091 2.62544964847209 -1.35442691004638 0.712460481869953 -0.8186223611885
TRUE 1.88553104224459 0.385858677160303 -0.0910935745609188 0.8515741187844 1.92016339351448
TRUE 0.846674065511629 1.08037751224559 -0.115677153148428 1.30922262664165 0.968350964936255
FALSE 0.67483520766827 -1.69241201213145 -0.799141666847389 -0.000752762023681261 1.12171494847424
TRUE -0.704758151393462 1.089514479818 2.66202577940777 -0.187439686340729 1.07606583029624
FALSE -1.05052977614595 0.651029081553398 -1.24624993601701 -1.51109520349508 -1.07918388068454
TRUE 1.06666567833899 0.769935411973524 -0.869858959223522 0.164874543374051 1.70685399277989
FALSE -1.95336307398768 -2.62815466926941 -0.344632178410192 -0.373581366821973 0.138743839350287
TRUE 0.752760531593099 0.0775880333338934 1.23396639911575 0.162837430468094 -1.65135120461641
FALSE 1.48969415370886 -0.630197002534883 -0.869644371432852 -0.0844847225872517 -1.16712777314903
TRUE 0.0543456085680989 1.01298538701794 0.00375619823619383 -2.28113934434675 1.91973695934097
TRUE -1.27860168890322 0.766254589908989 0.374929687277356 0.0747073438126951 0.819190559515475
FALSE 0.679766772782548 0.330314115470669 -0.958115817561577 -1.40082828661372 -0.00861233089750648
FALSE -0.243234224069246 0.282038712699312 -3.13009366752553 -1.86847133498665 1.38238796398211
FALSE -0.037508846468992 0.520763585825411 -1.42066168201406 -0.922913867394683 0.28498840393027
TRUE 0.687926613139752 0.114188602749664 0.30844419586708 0.55177119148962 -0.0840590375660047
TRUE 0.00714096906103532 2.3270306239689 0.69865980145693 -0.244096118631249 -0.209876958876278
FALSE -2.50690000885354 0.731992511550916 -1.05084812112565 -0.50148747260261 -2.12143974816723
TRUE 0.0820878782660662 1.19824199968961 0.518119487683458 1.84105725624134 0.376804499986786
TRUE 1.34393400466814 0.439127973392993 -0.715550811001552 1.11297073871789 -0.548909676641909
TRUE -1.62987357891855 -0.494374051384734 0.908837014736008 0.345269064924689 1.34053294077718
FALSE 1.17763274932204 -1.57686597164911 -0.351176494636773 0.530529201638452 -1.1961957302226
TRUE 1.23945263017146 0.0765973995985462 2.21953689985624 -0.189300927829693 3.22603452731385
FALSE 2.14822658479917 -0.761005929407346 -1.90957190705144 -0.635425182243821 1.13078716001439
TRUE -0.0741762668735184 -0.987008323543419 -0.193400024370403 0.726726427413506 2.26716606067306
FALSE -0.552960409618915 -0.693261416412049 -1.48905139355048 0.672309999027097 -1.07920274555384
FALSE -2.36567366642238 -0.398649172467724 0.0700148008665371 -1.76388196159348 1.47600914186415
FALSE -0.962779237663108 -0.425602851934349 0.348325813538017 -0.129799693788771 -0.425415311941988
TRUE -0.647636440717557 0.301864674311713 0.742099575189688 0.0181644800260568 1.19179100382068
FALSE -0.0735831637971178 -1.0365966966913 0.825234448464744 0.468014714531796 -0.64104260732336
TRUE 0.257747214018358 0.664490381801558 -1.26586415704027 0.985188035683783 -1.03895261708017
FALSE -1.429235620517 -1.45048301503994 -0.805240430961728 1.10242277789186 -0.909080143530865
TRUE -0.650896117095813 -0.223762418266927 1.02061530541535 -0.0531990278354045 -2.2585965212548
FALSE 0.923775403510425 -0.611151435632624 0.219393979847128 -0.0730694499979901 -0.292276370464956
FALSE 0.956806849521214 -0.732068050602771 -0.720437470996008 -0.707152544947225 -1.06182205273261
FALSE 0.344790835526924 -1.21034410577465 -0.425523474142641 -2.07984694241667 1.80230519712771
TRUE 1.62727378968463 -0.93469087649335 2.2772948364757 1.86602147274327 -0.0797925743189514
FALSE 0.936860650339039 -0.105326948553306 0.641963995820326 -0.980622147920722 -0.384121835596752
TRUE 1.08741403048157 0.378206498982572 -0.261072915100268 -1.24054479123363 1.65822155338622
TRUE 0.0524194039846465 0.214713054941676 0.854769417966544 -0.655069715314809 0.564100949406157
FALSE -0.794972012961526 1.02030553519678 -0.815845590300998 -2.49607627363584 0.611846169247736
FALSE -1.37694977587342 0.884121839041396 -1.539667768447 -0.627844117724833 -0.397050051938033
TRUE 0.814994337604011 0.392135900117379 -1.7593133435076 0.268628842634625 0.0712260868826552
TRUE -0.689966648989146 -0.759199841281466 1.59515208284377 0.1128576921532 0.145909022091767
TRUE -0.0119215585406636 0.128304298641395 0.828408025248206 0.0851746287254059 -0.10296062644953
FALSE 1.45396481380502 -0.118201280202392 -0.578571862651955 -1.15313176003007 -0.660404949054524
FALSE -0.250938490890243 0.244915529920385 0.0175349548710632 0.0650021266964976 -1.64543175050072
FALSE 1.57036214797956 -1.64657787203071 1.48243820919456 -0.579673843368656 -0.116573298128884
FALSE 1.1319951208897 1.25810758683477 -1.03565792637408 -1.34003690233853 -1.22403161125699
FALSE 2.67840951531805 -0.390877736716047 -0.0603215141599126 -0.63208649418897 -0.266570529828838
TRUE -1.12325547798209 -1.68079979252831 0.0523705834217867 1.79210436177772 1.11171133187754
FALSE -1.61813831216212 -0.788762344099069 -2.77863576306611 0.478530230326004 -0.482392443459285
FALSE -0.51546981297879 -0.963028054392022 -0.187284484146154 0.283479668311606 -0.72642988257534
TRUE 1.37871799240167 1.55144581227033 -0.362667668156118 0.455808866350395 1.05766784543822
TRUE 1.55068177463681 0.827798299902141 0.301312122705871 0.126257089897196 -0.72640946671898
FALSE -0.137604407076941 -2.63676345811751 0.331292743857319 -0.46809216996524 0.777009379090664
TRUE 1.18152690388682 -0.572328570641231 0.569280430081957 0.0924018462108915 -0.535028130562814
FALSE 0.745609256209673 -0.808855366417166 -1.76817938761635 -0.190208905027165 -0.749422957253845
FALSE 0.161011226787464 0.485179405749947 -1.60078976423762 0.457495578549891 0.575360537537174
